     -1.00000000      1.26531951      1.14273070      1.03703107      0.95385190      0.89946287      0.87922322      0.89545155      0.94627348      1.02656394      1.13005910      1.25101303      1.38485871
     -0.99000000      1.26146045      1.13845617      1.03231897      0.94872675      0.89402598      0.87366038      0.88999016      0.94110706      1.02180357      1.12573645      1.24710970      1.38133365
     -0.98000000      1.25762851      1.13420873      1.02763293      0.94362569      0.88861097      0.86811835      0.88455044      0.93596448      1.01706909      1.12144084      1.24323353      1.37783513
     -0.97000000      1.25382394      1.12998870      1.02297334      0.93854912      0.88321824      0.86259751      0.87913280      0.93084612      1.01236087      1.11717258      1.23938477      1.37436336
     -0.96000000      1.25004698      1.12579636      1.01834054      0.93349743      0.87784820      0.85709828      0.87373765      0.92575240      1.00767928      1.11293197      1.23556368      1.37091854
     -0.95000000      1.24629790      1.12163205      1.01373490      0.92847103      0.87250126      0.85162108      0.86836541      0.92068372      1.00302469      1.10871934      1.23177051      1.36750088
     -0.94000000      1.24257694      1.11749606      1.00915680      0.92347033      0.86717787      0.84616634      0.86301650      0.91564049      0.99839748      1.10453500      1.22800554      1.36411057
     -0.93000000      1.23888436      1.11338873      1.00460661      0.91849575      0.86187845      0.84073448      0.85769137      0.91062314      0.99379803      1.10037928      1.22426901      1.36074783
     -0.92000000      1.23522041      1.10931035      1.00008472      0.91354773      0.85660344      0.83532597      0.85239045      0.90563210      0.98922674      1.09625251      1.22056118      1.35741285
     -0.91000000      1.23158535      1.10526126      0.99559151      0.90862668      0.85135331      0.82994124      0.84711421      0.90066781      0.98468398      1.09215501      1.21688233      1.35410585
     -0.90000000      1.22797942      1.10124178      0.99112736      0.90373306      0.84612851      0.82458078      0.84186310      0.89573071      0.98017016      1.08808711      1.21323271      1.35082702
     -0.89000000      1.22440290      1.09725223      0.98669268      0.89886732      0.84092952      0.81924506      0.83663761      0.89082125      0.97568567      1.08404915      1.20961258      1.34757658
     -0.88000000      1.22085604      1.09329294      0.98228787      0.89402989      0.83575682      0.81393456      0.83143820      0.88593990      0.97123094      1.08004147      1.20602222      1.34435473
     -0.87000000      1.21733909      1.08936424      0.97791332      0.88922126      0.83061090      0.80864978      0.82626539      0.88108712      0.96680636      1.07606439      1.20246189      1.34116168
     -0.86000000      1.21385232      1.08546647      0.97356944      0.88444189      0.82549225      0.80339123      0.82111966      0.87626338      0.96241235      1.07211826      1.19893186      1.33799763
     -0.85000000      1.21039600      1.08159995      0.96925665      0.87969225      0.82040140      0.79815943      0.81600152      0.87146917      0.95804934      1.06820343      1.19543239      1.33486278
     -0.84000000      1.20697037      1.07776503      0.96497536      0.87497283      0.81533886      0.79295490      0.81091152      0.86670497      0.95371775      1.06432024      1.19196376      1.33175735
     -0.83000000      1.20357570      1.07396204      0.96072600      0.87028412      0.81030517      0.78777819      0.80585017      0.86197129      0.94941800      1.06046903      1.18852623      1.32868155
     -0.82000000      1.20021226      1.07019132      0.95650899      0.86562663      0.80530085      0.78262984      0.80081801      0.85726863      0.94515054      1.05665016      1.18512008      1.32563556
     -0.81000000      1.19688031      1.06645321      0.95232476      0.86100085      0.80032647      0.77751043      0.79581561      0.85259751      0.94091580      1.05286398      1.18174558      1.32261962
     -0.80000000      1.19358011      1.06274807      0.94817375      0.85640730      0.79538259      0.77242053      0.79084353      0.84795844      0.93671422      1.04911085      1.17840299      1.31963391
     -0.79000000      1.19031192      1.05907623      0.94405638      0.85184650      0.79046977      0.76736072      0.78590234      0.84335195      0.93254627      1.04539111      1.17509260      1.31667864
     -0.78000000      1.18707602      1.05543804      0.93997311      0.84731898      0.78558861      0.76233160      0.78099263      0.83877858      0.92841238      1.04170513      1.17181467      1.31375403
     -0.77000001      1.18387266      1.05183386      0.93592439      0.84282528      0.78073969      0.75733379      0.77611500      0.83423888      0.92431301      1.03805326      1.16856947      1.31086027
     -0.76000001      1.18070211      1.04826402      0.93191065      0.83836594      0.77592362      0.75236791      0.77127005      0.82973340      0.92024863      1.03443587      1.16535729      1.30799757
     -0.75000001      1.17756464      1.04472889      0.92793236      0.83394152      0.77114101      0.74743460      0.76645841      0.82526269      0.91621970      1.03085332      1.16217839      1.30516614
     -0.74000001      1.17446050      1.04122882      0.92398997      0.82955257      0.76639250      0.74253449      0.76168070      0.82082734      0.91222669      1.02730598      1.15903305      1.30236617
     -0.73000001      1.17138997      1.03776416      0.92008394      0.82519965      0.76167872      0.73766827      0.75693758      0.81642790      0.90827008      1.02379420      1.15592154      1.29959788
     -0.72000001      1.16835332      1.03433528      0.91621474      0.82088334      0.75700031      0.73283660      0.75222968      0.81206497      0.90435034      1.02031837      1.15284414      1.29686146
     -0.71000001      1.16535079      1.03094251      0.91238285      0.81660422      0.75235794      0.72804016      0.74755769      0.80773914      0.90046796      1.01687884      1.14980112      1.29415712
     -0.70000001      1.16238267      1.02758623      0.90858872      0.81236289      0.74775228      0.72327967      0.74292227      0.80345100      0.89662341      1.01347599      1.14679275      1.29148506
     -0.69000001      1.15944921      1.02426679      0.90483283      0.80815992      0.74318401      0.71855583      0.73832411      0.79920117      0.89281719      1.01011018      1.14381931      1.28884547
     -0.68000001      1.15655068      1.02098456      0.90111567      0.80399593      0.73865382      0.71386937      0.73376392      0.79499026      0.88904980      1.00678179      1.14088107      1.28623857
     -0.67000001      1.15368734      1.01773988      0.89743772      0.79987153      0.73416243      0.70922104      0.72924241      0.79081889      0.88532172      1.00349119      1.13797830      1.28366454
     -0.66000001      1.15085945      1.01453313      0.89379945      0.79578732      0.72971054      0.70461158      0.72476030      0.78668769      0.88163345      1.00023876      1.13511128      1.28112359
     -0.65000001      1.14806728      1.01136465      0.89020136      0.79174394      0.72529888      0.70004177      0.72031833      0.78259729      0.87798550      0.99702486      1.13228027      1.27861591
     -0.64000001      1.14531108      1.00823483      0.88664393      0.78774200      0.72092820      0.69551239      0.71591724      0.77854834      0.87437838      0.99384988      1.12948555      1.27614171
     -0.63000001      1.14259112      1.00514400      0.88312766      0.78378215      0.71659924      0.69102423      0.71155780      0.77454149      0.87081258      0.99071418      1.12672739      1.27370116
     -0.62000001      1.13990766      1.00209254      0.87965303      0.77986503      0.71231276      0.68657809      0.70724076      0.77057739      0.86728862      0.98761813      1.12400606      1.27129448
     -0.61000001      1.13726095      0.99908081      0.87622056      0.77599128      0.70806954      0.68217482      0.70296692      0.76665671      0.86380701      0.98456212      1.12132182      1.26892185
     -0.60000001      1.13465126      0.99610916      0.87283072      0.77216155      0.70387035      0.67781523      0.69873707      0.76278012      0.86036826      0.98154652      1.11867494      1.26658346
     -0.59000001      1.13207883      0.99317796      0.86948402      0.76837651      0.69971599      0.67350017      0.69455201      0.75894830      0.85697290      0.97857170      1.11606569      1.26427950
     -0.58000001      1.12954392      0.99028757      0.86618096      0.76463682      0.69560727      0.66923051      0.69041256      0.75516192      0.85362143      0.97563804      1.11349433      1.26201017
     -0.57000001      1.12704679      0.98743834      0.86292205      0.76094314      0.69154499      0.66500713      0.68631953      0.75142167      0.85031438      0.97274590      1.11096112      1.25977564
     -0.56000001      1.12458769      0.98463062      0.85970778      0.75729615      0.68752998      0.66083090      0.68227377      0.74772824      0.84705227      0.96989565      1.10846633      1.25757610
     -0.55000001      1.12216687      0.98186479      0.85653865      0.75369653      0.68356307      0.65670273      0.67827612      0.74408233      0.84383562      0.96708768      1.10601022      1.25541175
     -0.54000001      1.11978457      0.97914119      0.85341518      0.75014496      0.67964511      0.65262354      0.67432744      0.74048465      0.84066494      0.96432234      1.10359305      1.25328275
     -0.53000001      1.11744104      0.97646017      0.85033785      0.74664213      0.67577694      0.64859424      0.67042859      0.73693590      0.83754077      0.96160001      1.10121506      1.25118930
     -0.52000001      1.11513653      0.97382209      0.84730718      0.74318871      0.67195943      0.64461576      0.66658045      0.73343679      0.83446363      0.95892105      1.09887652      1.24913156
     -0.51000001      1.11287128      0.97122730      0.84432367      0.73978542      0.66819344      0.64068907      0.66278390      0.72998803      0.83143403      0.95628583      1.09657768      1.24710972
     -0.50000001      1.11064552      0.96867614      0.84138782      0.73643293      0.66447985      0.63681511      0.65903983      0.72659034      0.82845250      0.95369470      1.09431879      1.24512395
     -0.49000001      1.10845951      0.96616896      0.83850013      0.73313196      0.66081955      0.63299485      0.65534914      0.72324444      0.82551956      0.95114803      1.09210009      1.24317443
     -0.48000001      1.10631346      0.96370611      0.83566109      0.72988319      0.65721341      0.62922928      0.65171274      0.71995105      0.82263573      0.94864618      1.08992184      1.24126132
     -0.47000001      1.10420762      0.96128792      0.83287122      0.72668732      0.65366235      0.62551937      0.64813154      0.71671090      0.81980153      0.94618951      1.08778427      1.23938479
     -0.46000001      1.10214222      0.95891473      0.83013099      0.72354507      0.65016726      0.62186613      0.64460647      0.71352472      0.81701747      0.94377835      1.08568762      1.23754501
     -0.45000001      1.10011748      0.95658688      0.82744091      0.72045712      0.64672906      0.61827056      0.64113844      0.71039322      0.81428407      0.94141308      1.08363214      1.23574215
     -0.44000001      1.09813363      0.95430470      0.82480147      0.71742419      0.64334864      0.61473367      0.63772839      0.70731713      0.81160184      0.93909402      1.08161806      1.23397636
     -0.43000001      1.09619089      0.95206852      0.82221315      0.71444696      0.64002693      0.61125648      0.63437725      0.70429718      0.80897129      0.93682153      1.07964560      1.23224781
     -0.42000001      1.09428949      0.94987866      0.81967644      0.71152615      0.63676485      0.60784001      0.63108597      0.70133410      0.80639292      0.93459595      1.07771500      1.23055665
     -0.41000001      1.09242962      0.94773544      0.81719182      0.70866245      0.63356331      0.60448530      0.62785548      0.69842861      0.80386725      0.93241760      1.07582648      1.22890303
     -0.40000001      1.09061152      0.94563919      0.81475976      0.70585655      0.63042325      0.60119338      0.62468672      0.69558143      0.80139475      0.93028683      1.07398027      1.22728711
     -0.39000001      1.08883538      0.94359020      0.81238074      0.70310914      0.62734558      0.59796529      0.62158065      0.69279328      0.79897594      0.92820395      1.07217658      1.22570904
     -0.38000001      1.08710141      0.94158880      0.81005522      0.70042092      0.62433122      0.59480205      0.61853820      0.69006487      0.79661129      0.92616930      1.07041563      1.22416897
     -0.37000001      1.08540982      0.93963529      0.80778367      0.69779257      0.62138110      0.59170473      0.61556031      0.68739692      0.79430130      0.92418320      1.06869763      1.22266703
     -0.36000001      1.08376080      0.93772996      0.80556655      0.69522476      0.61849614      0.58867434      0.61264794      0.68479013      0.79204643      0.92224594      1.06702278      1.22120337
     -0.35000001      1.08215455      0.93587311      0.80340430      0.69271817      0.61567725      0.58571195      0.60980202      0.68224521      0.78984717      0.92035786      1.06539130      1.21977812
     -0.34000001      1.08059126      0.93406502      0.80129736      0.69027347      0.61292534      0.58281857      0.60702348      0.67976284      0.78770397      0.91851923      1.06380337      1.21839142
     -0.33000001      1.07907112      0.93230600      0.79924619      0.68789132      0.61024132      0.57999524      0.60431325      0.67734373      0.78561730      0.91673038      1.06225920      1.21704341
     -0.32000002      1.07759430      0.93059630      0.79725119      0.68557236      0.60762610      0.57724300      0.60167225      0.67498854      0.78358761      0.91499157      1.06075898      1.21573421
     -0.31000002      1.07616099      0.92893620      0.79531281      0.68331725      0.60508055      0.57456286      0.59910141      0.67269794      0.78161535      0.91330312      1.05930289      1.21446394
     -0.30000002      1.07477136      0.92732598      0.79343145      0.68112662      0.60260557      0.57195584      0.59660163      0.67047261      0.77970094      0.91166528      1.05789112      1.21323273
     -0.29000002      1.07342558      0.92576588      0.79160752      0.67900108      0.60020203      0.56942294      0.59417380      0.66831319      0.77784481      0.91007834      1.05652384      1.21204070
     -0.28000002      1.07212382      0.92425617      0.78984142      0.67694126      0.59787078      0.56696515      0.59181881      0.66622033      0.77604739      0.90854256      1.05520122      1.21088796
     -0.27000002      1.07086623      0.92279709      0.78813353      0.67494775      0.59561269      0.56458346      0.58953753      0.66419464      0.77430908      0.90705820      1.05392344      1.20977463
     -0.26000002      1.06965297      0.92138888      0.78648424      0.67302115      0.59342857      0.56227883      0.58733083      0.66223676      0.77263028      0.90562552      1.05269066      1.20870082
     -0.25000002      1.06848420      0.92003178      0.78489392      0.67116203      0.59131926      0.56005222      0.58519954      0.66034727      0.77101138      0.90424476      1.05150303      1.20766662
     -0.24000002      1.06736005      0.91872600      0.78336292      0.66937095      0.58928556      0.55790455      0.58314449      0.65852678      0.76945276      0.90291615      1.05036071      1.20667214
     -0.23000002      1.06628068      0.91747178      0.78189159      0.66764846      0.58732825      0.55583674      0.58116650      0.65677585      0.76795478      0.90163994      1.04926385      1.20571749
     -0.22000002      1.06524621      0.91626932      0.78048028      0.66599509      0.58544810      0.55384969      0.57926635      0.65509505      0.76651781      0.90041634      1.04821258      1.20480275
     -0.21000002      1.06425677      0.91511883      0.77912930      0.66441137      0.58364585      0.55194428      0.57744480      0.65348491      0.76514218      0.89924556      1.04720706      1.20392801
     -0.20000002      1.06331250      0.91402050      0.77783897      0.66289778      0.58192222      0.55012134      0.57570261      0.65194595      0.76382822      0.89812782      1.04624740      1.20309337
     -0.19000002      1.06241352      0.91297452      0.77660960      0.66145481      0.58027793      0.54838170      0.57404050      0.65047869      0.76257626      0.89706331      1.04533374      1.20229891
     -0.18000002      1.06155993      0.91198107      0.77544146      0.66008292      0.57871364      0.54672615      0.57245917      0.64908360      0.76138660      0.89605222      1.04446619      1.20154470
     -0.17000002      1.06075185      0.91104032      0.77433485      0.65878256      0.57723000      0.54515547      0.57095928      0.64776116      0.76025953      0.89509473      1.04364487      1.20083082
     -0.16000002      1.05998938      0.91015244      0.77329003      0.65755415      0.57582764      0.54367038      0.56954148      0.64651181      0.75919533      0.89419102      1.04286990      1.20015735
     -0.15000002      1.05927262      0.90931758      0.77230723      0.65639810      0.57450716      0.54227160      0.56820639      0.64533598      0.75819427      0.89334125      1.04214136      1.19952435
     -0.14000002      1.05860166      0.90853589      0.77138672      0.65531478      0.57326911      0.54095978      0.56695458      0.64423406      0.75725659      0.89254556      1.04145937      1.19893188
     -0.13000002      1.05797660      0.90780751      0.77052869      0.65430457      0.57211404      0.53973557      0.56578662      0.64320644      0.75638254      0.89180412      1.04082401      1.19838001
     -0.12000002      1.05739750      0.90713255      0.76973337      0.65336779      0.57104244      0.53859956      0.56470302      0.64225347      0.75557233      0.89111704      1.04023537      1.19786880
     -0.11000002      1.05686446      0.90651115      0.76900095      0.65250476      0.57005480      0.53755231      0.56370427      0.64137549      0.75482617      0.89048446      1.03969352      1.19739829
     -0.10000002      1.05637753      0.90594341      0.76833161      0.65171579      0.56915154      0.53659434      0.56279081      0.64057281      0.75414425      0.88990650      1.03919855      1.19696853
     -0.09000002      1.05593678      0.90542944      0.76772551      0.65100113      0.56833306      0.53572613      0.56196308      0.63984570      0.75352674      0.88938326      1.03875051      1.19657957
     -0.08000002      1.05554227      0.90496932      0.76718281      0.65036103      0.56759975      0.53494811      0.56122144      0.63919443      0.75297380      0.88891483      1.03834947      1.19623144
     -0.07000002      1.05519405      0.90456314      0.76670363      0.64979571      0.56695191      0.53426069      0.56056623      0.63861923      0.75248558      0.88850131      1.03799548      1.19592419
     -0.06000002      1.05489216      0.90421096      0.76628811      0.64930537      0.56638986      0.53366420      0.55999777      0.63812030      0.75206220      0.88814277      1.03768859      1.19565784
     -0.05000002      1.05463666      0.90391286      0.76593633      0.64889018      0.56591384      0.53315897      0.55951631      0.63769783      0.75170376      0.88783928      1.03742885      1.19543242
     -0.04000002      1.05442756      0.90366889      0.76564839      0.64855028      0.56552407      0.53274523      0.55912208      0.63735196      0.75141037      0.88759089      1.03721628      1.19524795
     -0.03000002      1.05426490      0.90347909      0.76542437      0.64828579      0.56522073      0.53242322      0.55881526      0.63708282      0.75118210      0.88739764      1.03705092      1.19510446
     -0.02000002      1.05414870      0.90334349      0.76526431      0.64809680      0.56500396      0.53219309      0.55859601      0.63689051      0.75101901      0.88725959      1.03693279      1.19500195
     -0.01000002      1.05407897      0.90326212      0.76516826      0.64798338      0.56487385      0.53205496      0.55846441      0.63677509      0.75092113      0.88717675      1.03686191      1.19494044
     -0.00000002      1.05405573      0.90323500      0.76513624      0.64794557      0.56483048      0.53200891      0.55842054      0.63673662      0.75088850      0.88714913      1.03683828      1.19491994
      0.00999998      1.05407897      0.90326212      0.76516826      0.64798338      0.56487385      0.53205496      0.55846441      0.63677509      0.75092113      0.88717675      1.03686191      1.19494044
      0.01999998      1.05414870      0.90334349      0.76526431      0.64809680      0.56500396      0.53219309      0.55859601      0.63689051      0.75101900      0.88725959      1.03693279      1.19500195
      0.02999998      1.05426490      0.90347909      0.76542437      0.64828579      0.56522073      0.53242322      0.55881526      0.63708282      0.75118210      0.88739764      1.03705092      1.19510445
      0.03999998      1.05442756      0.90366889      0.76564839      0.64855028      0.56552407      0.53274523      0.55912208      0.63735196      0.75141037      0.88759088      1.03721628      1.19524795
      0.04999998      1.05463666      0.90391286      0.76593633      0.64889018      0.56591383      0.53315896      0.55951631      0.63769783      0.75170376      0.88783927      1.03742885      1.19543241
      0.05999998      1.05489216      0.90421096      0.76628811      0.64930537      0.56638986      0.53366420      0.55999776      0.63812030      0.75206219      0.88814277      1.03768859      1.19565783
      0.06999998      1.05519405      0.90456313      0.76670363      0.64979571      0.56695191      0.53426068      0.56056623      0.63861923      0.75248558      0.88850131      1.03799548      1.19592418
      0.07999998      1.05554227      0.90496932      0.76718281      0.65036102      0.56759974      0.53494811      0.56122143      0.63919443      0.75297380      0.88891483      1.03834947      1.19623144
      0.08999998      1.05593678      0.90542944      0.76772551      0.65100112      0.56833306      0.53572612      0.56196307      0.63984570      0.75352674      0.88938326      1.03875051      1.19657957
      0.09999998      1.05637752      0.90594341      0.76833161      0.65171578      0.56915153      0.53659433      0.56279081      0.64057280      0.75414425      0.88990650      1.03919854      1.19696853
      0.10999998      1.05686445      0.90651115      0.76900095      0.65250476      0.57005479      0.53755230      0.56370426      0.64137549      0.75482617      0.89048446      1.03969352      1.19739829
      0.11999997      1.05739750      0.90713255      0.76973337      0.65336778      0.57104244      0.53859955      0.56470301      0.64225347      0.75557233      0.89111704      1.04023536      1.19786880
      0.12999997      1.05797659      0.90780750      0.77052869      0.65430456      0.57211403      0.53973556      0.56578662      0.64320643      0.75638254      0.89180411      1.04082401      1.19838001
      0.13999997      1.05860166      0.90853589      0.77138671      0.65531478      0.57326910      0.54095977      0.56695458      0.64423405      0.75725659      0.89254556      1.04145937      1.19893188
      0.14999997      1.05927261      0.90931758      0.77230723      0.65639810      0.57450715      0.54227159      0.56820638      0.64533597      0.75819426      0.89334124      1.04214136      1.19952434
      0.15999997      1.05998937      0.91015244      0.77329002      0.65755415      0.57582763      0.54367037      0.56954148      0.64651181      0.75919533      0.89419102      1.04286989      1.20015735
      0.16999997      1.06075184      0.91104032      0.77433485      0.65878256      0.57722999      0.54515546      0.57095927      0.64776116      0.76025952      0.89509473      1.04364487      1.20083082
      0.17999997      1.06155992      0.91198106      0.77544146      0.66008292      0.57871363      0.54672614      0.57245916      0.64908360      0.76138659      0.89605222      1.04446618      1.20154469
      0.18999997      1.06241351      0.91297451      0.77660959      0.66145480      0.58027792      0.54838169      0.57404050      0.65047868      0.76257625      0.89706330      1.04533373      1.20229890
      0.19999997      1.06331250      0.91402049      0.77783897      0.66289777      0.58192221      0.55012133      0.57570261      0.65194594      0.76382821      0.89812782      1.04624739      1.20309337
      0.20999997      1.06425677      0.91511882      0.77912929      0.66441136      0.58364584      0.55194427      0.57744480      0.65348490      0.76514217      0.89924556      1.04720705      1.20392801
      0.21999997      1.06524620      0.91626932      0.78048027      0.66599509      0.58544809      0.55384969      0.57926634      0.65509504      0.76651780      0.90041633      1.04821258      1.20480274
      0.22999997      1.06628067      0.91747178      0.78189159      0.66764845      0.58732824      0.55583673      0.58116649      0.65677585      0.76795478      0.90163993      1.04926384      1.20571748
      0.23999997      1.06736005      0.91872600      0.78336291      0.66937094      0.58928555      0.55790454      0.58314448      0.65852677      0.76945275      0.90291615      1.05036070      1.20667214
      0.24999997      1.06848419      0.92003177      0.78489391      0.67116202      0.59131926      0.56005221      0.58519953      0.66034727      0.77101137      0.90424475      1.05150302      1.20766661
      0.25999997      1.06965297      0.92138887      0.78648424      0.67302114      0.59342856      0.56227882      0.58733082      0.66223675      0.77263027      0.90562551      1.05269065      1.20870081
      0.26999997      1.07086622      0.92279708      0.78813353      0.67494774      0.59561268      0.56458345      0.58953752      0.66419463      0.77430907      0.90705820      1.05392343      1.20977463
      0.27999997      1.07212381      0.92425616      0.78984141      0.67694125      0.59787077      0.56696514      0.59181880      0.66622032      0.77604738      0.90854255      1.05520122      1.21088796
      0.28999997      1.07342558      0.92576588      0.79160751      0.67900107      0.60020202      0.56942293      0.59417379      0.66831318      0.77784480      0.91007833      1.05652383      1.21204070
      0.29999997      1.07477135      0.92732597      0.79343144      0.68112661      0.60260556      0.57195583      0.59660162      0.67047260      0.77970093      0.91166527      1.05789111      1.21323273
      0.30999997      1.07616098      0.92893620      0.79531280      0.68331724      0.60508054      0.57456285      0.59910140      0.67269793      0.78161534      0.91330311      1.05930289      1.21446393
      0.31999997      1.07759429      0.93059629      0.79725118      0.68557235      0.60762608      0.57724299      0.60167224      0.67498852      0.78358761      0.91499157      1.06075898      1.21573420
      0.32999997      1.07907111      0.93230599      0.79924618      0.68789131      0.61024131      0.57999523      0.60431324      0.67734371      0.78561730      0.91673037      1.06225920      1.21704340
      0.33999997      1.08059126      0.93406502      0.80129735      0.69027346      0.61292533      0.58281856      0.60702346      0.67976283      0.78770396      0.91851922      1.06380337      1.21839142
      0.34999997      1.08215455      0.93587310      0.80340429      0.69271816      0.61567723      0.58571193      0.60980200      0.68224520      0.78984716      0.92035785      1.06539129      1.21977811
      0.35999997      1.08376080      0.93772995      0.80556654      0.69522475      0.61849613      0.58867433      0.61264793      0.68479012      0.79204642      0.92224594      1.06702278      1.22120336
      0.36999997      1.08540981      0.93963528      0.80778366      0.69779256      0.62138109      0.59170471      0.61556030      0.68739691      0.79430129      0.92418319      1.06869762      1.22266702
      0.37999997      1.08710140      0.94158879      0.81005521      0.70042091      0.62433121      0.59480204      0.61853818      0.69006486      0.79661128      0.92616930      1.07041562      1.22416896
      0.38999997      1.08883537      0.94359019      0.81238073      0.70310913      0.62734556      0.59796527      0.62158063      0.69279326      0.79897593      0.92820395      1.07217657      1.22570904
      0.39999997      1.09061151      0.94563918      0.81475975      0.70585654      0.63042323      0.60119337      0.62468671      0.69558141      0.80139474      0.93028682      1.07398026      1.22728711
      0.40999997      1.09242961      0.94773543      0.81719181      0.70866244      0.63356330      0.60448529      0.62785546      0.69842860      0.80386723      0.93241759      1.07582647      1.22890302
      0.41999997      1.09428948      0.94987865      0.81967643      0.71152614      0.63676483      0.60784000      0.63108595      0.70133409      0.80639291      0.93459594      1.07771499      1.23055664
      0.42999997      1.09619089      0.95206851      0.82221314      0.71444695      0.64002692      0.61125646      0.63437724      0.70429717      0.80897128      0.93682152      1.07964559      1.23224780
      0.43999997      1.09813362      0.95430469      0.82480146      0.71742417      0.64334862      0.61473365      0.63772838      0.70731712      0.81160183      0.93909401      1.08161805      1.23397635
      0.44999997      1.10011747      0.95658687      0.82744090      0.72045711      0.64672904      0.61827054      0.64113842      0.71039320      0.81428406      0.94141307      1.08363213      1.23574214
      0.45999997      1.10214221      0.95891472      0.83013098      0.72354505      0.65016725      0.62186611      0.64460645      0.71352470      0.81701746      0.94377834      1.08568761      1.23754501
      0.46999997      1.10420761      0.96128791      0.83287120      0.72668731      0.65366234      0.62551935      0.64813153      0.71671089      0.81980152      0.94618949      1.08778426      1.23938478
      0.47999997      1.10631345      0.96370610      0.83566108      0.72988317      0.65721340      0.62922926      0.65171273      0.71995104      0.82263572      0.94864617      1.08992183      1.24126131
      0.48999997      1.10845950      0.96616895      0.83850011      0.73313194      0.66081953      0.63299483      0.65534913      0.72324443      0.82551955      0.95114802      1.09210008      1.24317442
      0.49999997      1.11064551      0.96867613      0.84138781      0.73643292      0.66447983      0.63681509      0.65903981      0.72659032      0.82845249      0.95369469      1.09431878      1.24512394
      0.50999997      1.11287127      0.97122729      0.84432366      0.73978540      0.66819342      0.64068905      0.66278388      0.72998801      0.83143402      0.95628581      1.09657767      1.24710971
      0.51999997      1.11513652      0.97382208      0.84730717      0.74318870      0.67195941      0.64461575      0.66658043      0.73343677      0.83446361      0.95892104      1.09887651      1.24913155
      0.52999997      1.11744103      0.97646016      0.85033784      0.74664211      0.67577692      0.64859422      0.67042858      0.73693588      0.83754076      0.96160000      1.10121505      1.25118929
      0.53999997      1.11978456      0.97914118      0.85341516      0.75014495      0.67964509      0.65262352      0.67432742      0.74048464      0.84066493      0.96432233      1.10359304      1.25328274
      0.54999997      1.12216686      0.98186478      0.85653864      0.75369652      0.68356305      0.65670272      0.67827610      0.74408232      0.84383560      0.96708767      1.10601021      1.25541174
      0.55999997      1.12458768      0.98463061      0.85970776      0.75729614      0.68752996      0.66083088      0.68227375      0.74772822      0.84705225      0.96989564      1.10846632      1.25757609
      0.56999996      1.12704678      0.98743832      0.86292203      0.76094312      0.69154497      0.66500711      0.68631951      0.75142165      0.85031437      0.97274588      1.11096111      1.25977563
      0.57999996      1.12954391      0.99028755      0.86618095      0.76463680      0.69560725      0.66923049      0.69041254      0.75516190      0.85362142      0.97563802      1.11349432      1.26201016
      0.58999996      1.13207882      0.99317795      0.86948401      0.76837649      0.69971597      0.67350015      0.69455199      0.75894828      0.85697288      0.97857169      1.11606567      1.26427949
      0.59999996      1.13465125      0.99610915      0.87283070      0.77216154      0.70387033      0.67781521      0.69873705      0.76278011      0.86036825      0.98154651      1.11867493      1.26658345
      0.60999996      1.13726094      0.99908080      0.87622054      0.77599126      0.70806952      0.68217480      0.70296691      0.76665670      0.86380699      0.98456211      1.12132180      1.26892184
      0.61999996      1.13990765      1.00209253      0.87965302      0.77986501      0.71231274      0.68657807      0.70724074      0.77057738      0.86728860      0.98761812      1.12400604      1.27129447
      0.62999996      1.14259111      1.00514399      0.88312764      0.78378213      0.71659922      0.69102421      0.71155778      0.77454147      0.87081256      0.99071416      1.12672738      1.27370115
      0.63999996      1.14531107      1.00823481      0.88664392      0.78774198      0.72092818      0.69551237      0.71591722      0.77854832      0.87437836      0.99384986      1.12948554      1.27614170
      0.64999996      1.14806726      1.01136464      0.89020134      0.79174392      0.72529886      0.70004175      0.72031831      0.78259727      0.87798549      0.99702485      1.13228026      1.27861590
      0.65999996      1.15085944      1.01453311      0.89379944      0.79578730      0.72971052      0.70461156      0.72476028      0.78668767      0.88163344      1.00023875      1.13511127      1.28112358
      0.66999996      1.15368732      1.01773987      0.89743770      0.79987151      0.73416241      0.70922102      0.72924239      0.79081887      0.88532170      1.00349118      1.13797829      1.28366453
      0.67999996      1.15655067      1.02098454      0.90111566      0.80399591      0.73865380      0.71386935      0.73376390      0.79499024      0.88904978      1.00678178      1.14088106      1.28623856
      0.68999996      1.15944920      1.02426678      0.90483282      0.80815990      0.74318399      0.71855581      0.73832409      0.79920115      0.89281718      1.01011016      1.14381930      1.28884546
      0.69999996      1.16238266      1.02758622      0.90858870      0.81236287      0.74775226      0.72327965      0.74292225      0.80345098      0.89662339      1.01347597      1.14679274      1.29148505
      0.70999996      1.16535078      1.03094250      0.91238283      0.81660421      0.75235792      0.72804014      0.74755767      0.80773912      0.90046794      1.01687882      1.14980110      1.29415711
      0.71999996      1.16835330      1.03433526      0.91621473      0.82088332      0.75700029      0.73283657      0.75222966      0.81206495      0.90435033      1.02031835      1.15284413      1.29686145
      0.72999996      1.17138996      1.03776415      0.92008392      0.82519963      0.76167869      0.73766825      0.75693755      0.81642788      0.90827006      1.02379419      1.15592153      1.29959787
      0.73999996      1.17446049      1.04122881      0.92398995      0.82955255      0.76639248      0.74253447      0.76168068      0.82082732      0.91222668      1.02730596      1.15903304      1.30236616
      0.74999996      1.17756462      1.04472888      0.92793234      0.83394150      0.77114099      0.74743457      0.76645839      0.82526267      0.91621968      1.03085331      1.16217838      1.30516613
      0.75999996      1.18070209      1.04826401      0.93191063      0.83836593      0.77592360      0.75236789      0.77127003      0.82973338      0.92024861      1.03443586      1.16535727      1.30799756
      0.76999996      1.18387264      1.05183384      0.93592437      0.84282526      0.78073967      0.75733377      0.77611498      0.83423886      0.92431299      1.03805324      1.16856946      1.31086026
      0.77999996      1.18707600      1.05543803      0.93997310      0.84731896      0.78558859      0.76233158      0.78099261      0.83877856      0.92841236      1.04170511      1.17181465      1.31375402
      0.78999996      1.19031191      1.05907621      0.94405637      0.85184648      0.79046975      0.76736070      0.78590232      0.84335193      0.93254625      1.04539109      1.17509258      1.31667863
      0.79999996      1.19358009      1.06274805      0.94817373      0.85640728      0.79538257      0.77242051      0.79084351      0.84795842      0.93671421      1.04911083      1.17840298      1.31963389
      0.80999996      1.19688029      1.06645320      0.95232474      0.86100082      0.80032645      0.77751041      0.79581559      0.85259749      0.94091578      1.05286397      1.18174556      1.32261960
      0.81999996      1.20021224      1.07019130      0.95650897      0.86562661      0.80530083      0.78262982      0.80081799      0.85726861      0.94515052      1.05665015      1.18512007      1.32563555
      0.82999996      1.20357569      1.07396202      0.96072598      0.87028410      0.81030514      0.78777816      0.80585014      0.86197127      0.94941798      1.06046902      1.18852622      1.32868153
      0.83999996      1.20697035      1.07776501      0.96497535      0.87497281      0.81533884      0.79295488      0.81091149      0.86670495      0.95371773      1.06432022      1.19196375      1.33175734
      0.84999996      1.21039598      1.08159994      0.96925663      0.87969223      0.82040138      0.79815940      0.81600150      0.87146915      0.95804932      1.06820341      1.19543238      1.33486277
      0.85999996      1.21385231      1.08546645      0.97356942      0.88444187      0.82549223      0.80339121      0.82111963      0.87626336      0.96241233      1.07211824      1.19893184      1.33799761
      0.86999996      1.21733908      1.08936423      0.97791330      0.88922124      0.83061087      0.80864976      0.82626536      0.88108710      0.96680634      1.07606437      1.20246188      1.34116166
      0.87999996      1.22085602      1.09329292      0.98228785      0.89402987      0.83575680      0.81393454      0.83143818      0.88593988      0.97123092      1.08004145      1.20602221      1.34435472
      0.88999996      1.22440289      1.09725221      0.98669266      0.89886729      0.84092950      0.81924504      0.83663758      0.89082123      0.97568565      1.08404914      1.20961257      1.34757657
      0.89999996      1.22797941      1.10124176      0.99112734      0.90373304      0.84612849      0.82458076      0.84186308      0.89573069      0.98017014      1.08808710      1.21323269      1.35082701
      0.90999996      1.23158533      1.10526124      0.99559149      0.90862666      0.85135329      0.82994122      0.84711419      0.90066779      0.98468396      1.09215499      1.21688231      1.35410583
      0.91999996      1.23522039      1.10931033      1.00008470      0.91354771      0.85660342      0.83532594      0.85239043      0.90563208      0.98922671      1.09625249      1.22056117      1.35741284
      0.92999996      1.23888435      1.11338871      1.00460659      0.91849573      0.86187842      0.84073446      0.85769135      0.91062312      0.99379801      1.10037926      1.22426899      1.36074781
      0.93999996      1.24257693      1.11749605      1.00915678      0.92347031      0.86717785      0.84616631      0.86301648      0.91564047      0.99839746      1.10453498      1.22800552      1.36411055
      0.94999996      1.24629789      1.12163203      1.01373488      0.92847101      0.87250124      0.85162106      0.86836539      0.92068369      1.00302467      1.10871932      1.23177050      1.36750086
      0.95999996      1.25004697      1.12579634      1.01834052      0.93349741      0.87784817      0.85709826      0.87373763      0.92575238      1.00767926      1.11293195      1.23556366      1.37091852
      0.96999996      1.25382392      1.12998868      1.02297332      0.93854910      0.88321821      0.86259749      0.87913278      0.93084610      1.01236085      1.11717256      1.23938475      1.37436334
      0.97999996      1.25762849      1.13420871      1.02763291      0.94362567      0.88861094      0.86811832      0.88455042      0.93596445      1.01706907      1.12144082      1.24323351      1.37783511
      0.98999996      1.26146043      1.13845615      1.03231894      0.94872673      0.89402596      0.87366036      0.88999013      0.94110704      1.02180355      1.12573643      1.24710968      1.38133363
      0.99999996      1.26531949      1.14273068      1.03703105      0.95385188      0.89946284      0.87922319      0.89545153      0.94627346      1.02656392      1.13005908      1.25101301      1.38485869
