     -3.00000000      8.01766384     -8.01766384
     -2.99000000      7.95789680     -7.95789680
     -2.98000000      7.89833132     -7.89833132
     -2.97000000      7.83896743     -7.83896743
     -2.96000000      7.77980515     -7.77980515
     -2.95000000      7.72084450     -7.72084450
     -2.94000000      7.66208552     -7.66208552
     -2.93000000      7.60352824     -7.60352824
     -2.92000000      7.54517267     -7.54517267
     -2.91000000      7.48701885     -7.48701885
     -2.90000000      7.42906681     -7.42906681
     -2.89000000      7.37131658     -7.37131658
     -2.88000000      7.31376819     -7.31376819
     -2.87000000      7.25642166     -7.25642166
     -2.86000000      7.19927704     -7.19927704
     -2.85000000      7.14233435     -7.14233435
     -2.84000000      7.08559363     -7.08559363
     -2.83000000      7.02905491     -7.02905491
     -2.82000000      6.97271823     -6.97271823
     -2.81000000      6.91658362     -6.91658362
     -2.80000000      6.86065112     -6.86065112
     -2.79000000      6.80492077     -6.80492077
     -2.78000000      6.74939260     -6.74939260
     -2.77000001      6.69406665     -6.69406665
     -2.76000001      6.63894296     -6.63894296
     -2.75000001      6.58402158     -6.58402158
     -2.74000001      6.52930254     -6.52930254
     -2.73000001      6.47478589     -6.47478589
     -2.72000001      6.42047167     -6.42047167
     -2.71000001      6.36635993     -6.36635993
     -2.70000001      6.31245071     -6.31245071
     -2.69000001      6.25874406     -6.25874406
     -2.68000001      6.20524002     -6.20524002
     -2.67000001      6.15193865     -6.15193865
     -2.66000001      6.09884000     -6.09884000
     -2.65000001      6.04594411     -6.04594411
     -2.64000001      5.99325105     -5.99325105
     -2.63000001      5.94076086     -5.94076086
     -2.62000001      5.88847360     -5.88847360
     -2.61000001      5.83638933     -5.83638933
     -2.60000001      5.78450811     -5.78450811
     -2.59000001      5.73282998     -5.73282998
     -2.58000001      5.68135503     -5.68135503
     -2.57000001      5.63008331     -5.63008331
     -2.56000001      5.57901488     -5.57901488
     -2.55000001      5.52814981     -5.52814981
     -2.54000001      5.47748817     -5.47748817
     -2.53000001      5.42703002     -5.42703002
     -2.52000001      5.37677545     -5.37677545
     -2.51000001      5.32672452     -5.32672452
     -2.50000001      5.27687730     -5.27687730
     -2.49000001      5.22723388     -5.22723388
     -2.48000001      5.17779434     -5.17779434
     -2.47000001      5.12855875     -5.12855875
     -2.46000001      5.07952721     -5.07952721
     -2.45000001      5.03069979     -5.03069979
     -2.44000001      4.98207658     -4.98207658
     -2.43000001      4.93365768     -4.93365768
     -2.42000001      4.88544318     -4.88544318
     -2.41000001      4.83743317     -4.83743317
     -2.40000001      4.78962776     -4.78962776
     -2.39000001      4.74202705     -4.74202705
     -2.38000001      4.69463113     -4.69463113
     -2.37000001      4.64744012     -4.64744012
     -2.36000001      4.60045414     -4.60045414
     -2.35000001      4.55367328     -4.55367328
     -2.34000001      4.50709768     -4.50709768
     -2.33000001      4.46072744     -4.46072744
     -2.32000002      4.41456270     -4.41456270
     -2.31000002      4.36860359     -4.36860359
     -2.30000002      4.32285023     -4.32285023
     -2.29000002      4.27730276     -4.27730276
     -2.28000002      4.23196133     -4.23196133
     -2.27000002      4.18682607     -4.18682607
     -2.26000002      4.14189713     -4.14189713
     -2.25000002      4.09717468     -4.09717468
     -2.24000002      4.05265886     -4.05265886
     -2.23000002      4.00834985     -4.00834985
     -2.22000002      3.96424780     -3.96424780
     -2.21000002      3.92035290     -3.92035290
     -2.20000002      3.87666533     -3.87666533
     -2.19000002      3.83318527     -3.83318527
     -2.18000002      3.78991291     -3.78991291
     -2.17000002      3.74684845     -3.74684845
     -2.16000002      3.70399209     -3.70399209
     -2.15000002      3.66134406     -3.66134406
     -2.14000002      3.61890456     -3.61890456
     -2.13000002      3.57667383     -3.57667383
     -2.12000002      3.53465209     -3.53465209
     -2.11000002      3.49283960     -3.49283960
     -2.10000002      3.45123660     -3.45123660
     -2.09000002      3.40984335     -3.40984335
     -2.08000002      3.36866012     -3.36866012
     -2.07000002      3.32768719     -3.32768719
     -2.06000002      3.28692486     -3.28692486
     -2.05000002      3.24637341     -3.24637341
     -2.04000002      3.20603316     -3.20603316
     -2.03000002      3.16590443     -3.16590443
     -2.02000002      3.12598755     -3.12598755
     -2.01000002      3.08628288     -3.08628288
     -2.00000002      3.04679077     -3.04679077
     -1.99000002      3.00751160     -3.00751160
     -1.98000002      2.96844575     -2.96844575
     -1.97000002      2.92959363     -2.92959363
     -1.96000002      2.89095565     -2.89095565
     -1.95000002      2.85253225     -2.85253225
     -1.94000002      2.81432389     -2.81432389
     -1.93000002      2.77633103     -2.77633103
     -1.92000002      2.73855417     -2.73855417
     -1.91000002      2.70099381     -2.70099381
     -1.90000002      2.66365050     -2.66365050
     -1.89000002      2.62652477     -2.62652477
     -1.88000003      2.58961721     -2.58961721
     -1.87000003      2.55292843     -2.55292843
     -1.86000003      2.51645904     -2.51645904
     -1.85000003      2.48020971     -2.48020971
     -1.84000003      2.44418111     -2.44418111
     -1.83000003      2.40837396     -2.40837396
     -1.82000003      2.37278901     -2.37278901
     -1.81000003      2.33742703     -2.33742703
     -1.80000003      2.30228884     -2.30228884
     -1.79000003      2.26737529     -2.26737529
     -1.78000003      2.23268727     -2.23268727
     -1.77000003      2.19822572     -2.19822572
     -1.76000003      2.16399160     -2.16399160
     -1.75000003      2.12998595     -2.12998595
     -1.74000003      2.09620983     -2.09620983
     -1.73000003      2.06266437     -2.06266437
     -1.72000003      2.02935074     -2.02935074
     -1.71000003      1.99627019     -1.99627019
     -1.70000003      1.96342401     -1.96342401
     -1.69000003      1.93081357     -1.93081357
     -1.68000003      1.89844031     -1.89844031
     -1.67000003      1.86630572     -1.86630572
     -1.66000003      1.83441140     -1.83441140
     -1.65000003      1.80275902     -1.80275902
     -1.64000003      1.77135033     -1.77135033
     -1.63000003      1.74018718     -1.74018718
     -1.62000003      1.70927153     -1.70927153
     -1.61000003      1.67860544     -1.67860544
     -1.60000003      1.64819107     -1.64819107
     -1.59000003      1.61803072     -1.61803072
     -1.58000003      1.58812680     -1.58812680
     -1.57000003      1.55848189     -1.55848189
     -1.56000003      1.52909867     -1.52909867
     -1.55000003      1.49998000     -1.49998000
     -1.54000003      1.47112893     -1.47112893
     -1.53000003      1.44254863     -1.44254863
     -1.52000003      1.41424252     -1.41424252
     -1.51000003      1.38621418     -1.38621418
     -1.50000003      1.35846742     -1.35846742
     -1.49000003      1.33100629     -1.33100629
     -1.48000003      1.30383507     -1.30383507
     -1.47000003      1.27695831     -1.27695831
     -1.46000003      1.25038085     -1.25038085
     -1.45000003      1.22410782     -1.22410782
     -1.44000003      1.19814467     -1.19814467
     -1.43000004      1.17249721     -1.17249721
     -1.42000004      1.14717159     -1.14717159
     -1.41000004      1.12217436     -1.12217436
     -1.40000004      1.09751249     -1.09751249
     -1.39000004      1.07319340     -1.07319340
     -1.38000004      1.04922496     -1.04922496
     -1.37000004      1.02561556     -1.02561556
     -1.36000004      1.00237409     -1.00237409
     -1.35000004      0.97951003     -0.97951003
     -1.34000004      0.95703344     -0.95703344
     -1.33000004      0.93495500     -0.93495500
     -1.32000004      0.91328604     -0.91328604
     -1.31000004      0.89203858     -0.89203858
     -1.30000004      0.87122535     -0.87122535
     -1.29000004      0.85085981     -0.85085981
     -1.28000004      0.83095618     -0.83095618
     -1.27000004      0.81152943     -0.81152943
     -1.26000004      0.79259533     -0.79259533
     -1.25000004      0.77417042     -0.77417042
     -1.24000004      0.75627201     -0.75627201
     -1.23000004      0.73891812     -0.73891812
     -1.22000004      0.72212751     -0.72212751
     -1.21000004      0.70591953     -0.70591953
     -1.20000004      0.69031411     -0.69031411
     -1.19000004      0.67533160     -0.67533160
     -1.18000004      0.66099268     -0.66099268
     -1.17000004      0.64731813     -0.64731813
     -1.16000004      0.63432871     -0.63432871
     -1.15000004      0.62204485     -0.62204485
     -1.14000004      0.61048644     -0.61048644
     -1.13000004      0.59967253     -0.59967253
     -1.12000004      0.58962097     -0.58962097
     -1.11000004      0.58034812     -0.58034812
     -1.10000004      0.57186845     -0.57186845
     -1.09000004      0.56419423     -0.56419423
     -1.08000004      0.55733515     -0.55733515
     -1.07000004      0.55129803     -0.55129803
     -1.06000004      0.54608650     -0.54608650
     -1.05000004      0.54170079     -0.54170079
     -1.04000004      0.53813758     -0.53813758
     -1.03000004      0.53538986     -0.53538986
     -1.02000004      0.53344695     -0.53344695
     -1.01000004      0.53229456     -0.53229456
     -1.00000004      0.53191492     -0.53191492
     -0.99000004      0.53228704     -0.53228704
     -0.98000005      0.53338695     -0.53338695
     -0.97000005      0.53518808     -0.53518808
     -0.96000005      0.53766163     -0.53766163
     -0.95000005      0.54077695     -0.54077695
     -0.94000005      0.54450199     -0.54450199
     -0.93000005      0.54880367     -0.54880367
     -0.92000005      0.55364828     -0.55364828
     -0.91000005      0.55900184     -0.55900184
     -0.90000005      0.56483046     -0.56483046
     -0.89000005      0.57110057     -0.57110057
     -0.88000005      0.57777920     -0.57777920
     -0.87000005      0.58483421     -0.58483421
     -0.86000005      0.59223441     -0.59223441
     -0.85000005      0.59994974     -0.59994974
     -0.84000005      0.60795131     -0.60795131
     -0.83000005      0.61621152     -0.61621152
     -0.82000005      0.62470408     -0.62470408
     -0.81000005      0.63340401     -0.63340401
     -0.80000005      0.64228765     -0.64228765
     -0.79000005      0.65133266     -0.65133266
     -0.78000005      0.66051796     -0.66051796
     -0.77000005      0.66982373     -0.66982373
     -0.76000005      0.67923131     -0.67923131
     -0.75000005      0.68872321     -0.68872321
     -0.74000005      0.69828302     -0.69828302
     -0.73000005      0.70789535     -0.70789535
     -0.72000005      0.71754580     -0.71754580
     -0.71000005      0.72722089     -0.72722089
     -0.70000005      0.73690801     -0.73690801
     -0.69000005      0.74659535     -0.74659535
     -0.68000005      0.75627189     -0.75627189
     -0.67000005      0.76592729     -0.76592729
     -0.66000005      0.77555191     -0.77555191
     -0.65000005      0.78513671     -0.78513671
     -0.64000005      0.79467324     -0.79467324
     -0.63000005      0.80415360     -0.80415360
     -0.62000005      0.81357038     -0.81357038
     -0.61000005      0.82291665     -0.82291665
     -0.60000005      0.83218592     -0.83218592
     -0.59000005      0.84137210     -0.84137210
     -0.58000005      0.85046949     -0.85046949
     -0.57000005      0.85947275     -0.85947275
     -0.56000005      0.86837685     -0.86837685
     -0.55000005      0.87717709     -0.87717709
     -0.54000005      0.88586904     -0.88586904
     -0.53000006      0.89444855     -0.89444855
     -0.52000006      0.90291171     -0.90291171
     -0.51000006      0.91125485     -0.91125485
     -0.50000006      0.91947452     -0.91947452
     -0.49000006      0.92756747     -0.92756747
     -0.48000006      0.93553063     -0.93553063
     -0.47000006      0.94336112     -0.94336112
     -0.46000006      0.95105623     -0.95105623
     -0.45000006      0.95861340     -0.95861340
     -0.44000006      0.96603021     -0.96603021
     -0.43000006      0.97330438     -0.97330438
     -0.42000006      0.98043376     -0.98043376
     -0.41000006      0.98741633     -0.98741633
     -0.40000006      0.99425017     -0.99425017
     -0.39000006      1.00093347     -1.00093347
     -0.38000006      1.00746452     -1.00746452
     -0.37000006      1.01384171     -1.01384171
     -0.36000006      1.02006351     -1.02006351
     -0.35000006      1.02612848     -1.02612848
     -0.34000006      1.03203526     -1.03203526
     -0.33000006      1.03778255     -1.03778255
     -0.32000006      1.04336915     -1.04336915
     -0.31000006      1.04879389     -1.04879389
     -0.30000006      1.05405570     -1.05405570
     -0.29000006      1.05915354     -1.05915354
     -0.28000006      1.06408645     -1.06408645
     -0.27000006      1.06885351     -1.06885351
     -0.26000006      1.07345386     -1.07345386
     -0.25000006      1.07788667     -1.07788667
     -0.24000006      1.08215118     -1.08215118
     -0.23000006      1.08624667     -1.08624667
     -0.22000006      1.09017246     -1.09017246
     -0.21000006      1.09392790     -1.09392790
     -0.20000006      1.09751238     -1.09751238
     -0.19000006      1.10092536     -1.10092536
     -0.18000006      1.10416629     -1.10416629
     -0.17000006      1.10723469     -1.10723469
     -0.16000006      1.11013008     -1.11013008
     -0.15000006      1.11285205     -1.11285205
     -0.14000006      1.11540020     -1.11540020
     -0.13000006      1.11777415     -1.11777415
     -0.12000006      1.11997358     -1.11997358
     -0.11000006      1.12199816     -1.12199816
     -0.10000006      1.12384761     -1.12384761
     -0.09000007      1.12552169     -1.12552169
     -0.08000007      1.12702015     -1.12702015
     -0.07000007      1.12834280     -1.12834280
     -0.06000007      1.12948945     -1.12948945
     -0.05000007      1.13045996     -1.13045996
     -0.04000007      1.13125419     -1.13125419
     -0.03000007      1.13187203     -1.13187203
     -0.02000007      1.13231340     -1.13231340
     -0.01000007      1.13257825     -1.13257825
     -0.00000007      1.13266654     -1.13266654
      0.00999993      1.13257825     -1.13257825
      0.01999993      1.13231341     -1.13231341
      0.02999993      1.13187203     -1.13187203
      0.03999993      1.13125419     -1.13125419
      0.04999993      1.13045997     -1.13045997
      0.05999993      1.12948947     -1.12948947
      0.06999993      1.12834282     -1.12834282
      0.07999993      1.12702017     -1.12702017
      0.08999993      1.12552171     -1.12552171
      0.09999993      1.12384764     -1.12384764
      0.10999993      1.12199818     -1.12199818
      0.11999993      1.11997360     -1.11997360
      0.12999993      1.11777418     -1.11777418
      0.13999993      1.11540023     -1.11540023
      0.14999993      1.11285209     -1.11285209
      0.15999993      1.11013012     -1.11013012
      0.16999993      1.10723473     -1.10723473
      0.17999993      1.10416633     -1.10416633
      0.18999993      1.10092540     -1.10092540
      0.19999993      1.09751243     -1.09751243
      0.20999993      1.09392795     -1.09392795
      0.21999993      1.09017251     -1.09017251
      0.22999993      1.08624673     -1.08624673
      0.23999993      1.08215124     -1.08215124
      0.24999993      1.07788673     -1.07788673
      0.25999993      1.07345392     -1.07345392
      0.26999993      1.06885358     -1.06885358
      0.27999993      1.06408652     -1.06408652
      0.28999993      1.05915361     -1.05915361
      0.29999993      1.05405577     -1.05405577
      0.30999993      1.04879396     -1.04879396
      0.31999993      1.04336922     -1.04336922
      0.32999993      1.03778263     -1.03778263
      0.33999993      1.03203533     -1.03203533
      0.34999993      1.02612856     -1.02612856
      0.35999992      1.02006359     -1.02006359
      0.36999992      1.01384180     -1.01384180
      0.37999992      1.00746461     -1.00746461
      0.38999992      1.00093356     -1.00093356
      0.39999992      0.99425026     -0.99425026
      0.40999992      0.98741642     -0.98741642
      0.41999992      0.98043386     -0.98043386
      0.42999992      0.97330447     -0.97330447
      0.43999992      0.96603031     -0.96603031
      0.44999992      0.95861350     -0.95861350
      0.45999992      0.95105634     -0.95105634
      0.46999992      0.94336123     -0.94336123
      0.47999992      0.93553074     -0.93553074
      0.48999992      0.92756758     -0.92756758
      0.49999992      0.91947463     -0.91947463
      0.50999992      0.91125496     -0.91125496
      0.51999992      0.90291182     -0.90291182
      0.52999992      0.89444866     -0.89444866
      0.53999992      0.88586916     -0.88586916
      0.54999992      0.87717721     -0.87717721
      0.55999992      0.86837697     -0.86837697
      0.56999992      0.85947287     -0.85947287
      0.57999992      0.85046961     -0.85046961
      0.58999992      0.84137222     -0.84137222
      0.59999992      0.83218604     -0.83218604
      0.60999992      0.82291677     -0.82291677
      0.61999992      0.81357050     -0.81357050
      0.62999992      0.80415373     -0.80415373
      0.63999992      0.79467337     -0.79467337
      0.64999992      0.78513684     -0.78513684
      0.65999992      0.77555204     -0.77555204
      0.66999992      0.76592742     -0.76592742
      0.67999992      0.75627202     -0.75627202
      0.68999992      0.74659548     -0.74659548
      0.69999992      0.73690814     -0.73690814
      0.70999992      0.72722102     -0.72722102
      0.71999992      0.71754593     -0.71754593
      0.72999992      0.70789548     -0.70789548
      0.73999992      0.69828315     -0.69828315
      0.74999992      0.68872334     -0.68872334
      0.75999992      0.67923144     -0.67923144
      0.76999992      0.66982386     -0.66982386
      0.77999992      0.66051809     -0.66051809
      0.78999992      0.65133278     -0.65133278
      0.79999992      0.64228777     -0.64228777
      0.80999991      0.63340413     -0.63340413
      0.81999991      0.62470420     -0.62470420
      0.82999991      0.61621164     -0.61621164
      0.83999991      0.60795142     -0.60795142
      0.84999991      0.59994984     -0.59994984
      0.85999991      0.59223451     -0.59223451
      0.86999991      0.58483431     -0.58483431
      0.87999991      0.57777929     -0.57777929
      0.88999991      0.57110065     -0.57110065
      0.89999991      0.56483054     -0.56483054
      0.90999991      0.55900192     -0.55900192
      0.91999991      0.55364835     -0.55364835
      0.92999991      0.54880373     -0.54880373
      0.93999991      0.54450205     -0.54450205
      0.94999991      0.54077700     -0.54077700
      0.95999991      0.53766167     -0.53766167
      0.96999991      0.53518811     -0.53518811
      0.97999991      0.53338697     -0.53338697
      0.98999991      0.53228705     -0.53228705
      0.99999991      0.53191492     -0.53191492
      1.00999991      0.53229455     -0.53229455
      1.01999991      0.53344693     -0.53344693
      1.02999991      0.53538983     -0.53538983
      1.03999991      0.53813754     -0.53813754
      1.04999991      0.54170074     -0.54170074
      1.05999991      0.54608643     -0.54608643
      1.06999991      0.55129796     -0.55129796
      1.07999991      0.55733507     -0.55733507
      1.08999991      0.56419413     -0.56419413
      1.09999991      0.57186834     -0.57186834
      1.10999991      0.58034800     -0.58034800
      1.11999991      0.58962084     -0.58962084
      1.12999991      0.59967239     -0.59967239
      1.13999991      0.61048629     -0.61048629
      1.14999991      0.62204469     -0.62204469
      1.15999991      0.63432854     -0.63432854
      1.16999991      0.64731795     -0.64731795
      1.17999991      0.66099249     -0.66099249
      1.18999991      0.67533140     -0.67533140
      1.19999991      0.69031390     -0.69031390
      1.20999991      0.70591932     -0.70591932
      1.21999991      0.72212729     -0.72212729
      1.22999991      0.73891789     -0.73891789
      1.23999991      0.75627177     -0.75627177
      1.24999991      0.77417018     -0.77417018
      1.25999990      0.79259508     -0.79259508
      1.26999990      0.81152917     -0.81152917
      1.27999990      0.83095591     -0.83095591
      1.28999990      0.85085954     -0.85085954
      1.29999990      0.87122508     -0.87122508
      1.30999990      0.89203830     -0.89203830
      1.31999990      0.91328575     -0.91328575
      1.32999990      0.93495470     -0.93495470
      1.33999990      0.95703314     -0.95703314
      1.34999990      0.97950972     -0.97950972
      1.35999990      1.00237378     -1.00237378
      1.36999990      1.02561524     -1.02561524
      1.37999990      1.04922464     -1.04922464
      1.38999990      1.07319308     -1.07319308
      1.39999990      1.09751217     -1.09751217
      1.40999990      1.12217403     -1.12217403
      1.41999990      1.14717125     -1.14717125
      1.42999990      1.17249687     -1.17249687
      1.43999990      1.19814433     -1.19814433
      1.44999990      1.22410747     -1.22410747
      1.45999990      1.25038050     -1.25038050
      1.46999990      1.27695795     -1.27695795
      1.47999990      1.30383470     -1.30383470
      1.48999990      1.33100592     -1.33100592
      1.49999990      1.35846705     -1.35846705
      1.50999990      1.38621380     -1.38621380
      1.51999990      1.41424214     -1.41424214
      1.52999990      1.44254825     -1.44254825
      1.53999990      1.47112854     -1.47112854
      1.54999990      1.49997962     -1.49997962
      1.55999990      1.52909827     -1.52909827
      1.56999990      1.55848149     -1.55848149
      1.57999990      1.58812640     -1.58812640
      1.58999990      1.61803031     -1.61803031
      1.59999990      1.64819066     -1.64819066
      1.60999990      1.67860503     -1.67860503
      1.61999990      1.70927112     -1.70927112
      1.62999990      1.74018676     -1.74018676
      1.63999990      1.77134991     -1.77134991
      1.64999990      1.80275859     -1.80275859
      1.65999990      1.83441098     -1.83441098
      1.66999990      1.86630529     -1.86630529
      1.67999990      1.89843988     -1.89843988
      1.68999990      1.93081314     -1.93081314
      1.69999989      1.96342357     -1.96342357
      1.70999989      1.99626975     -1.99626975
      1.71999989      2.02935030     -2.02935030
      1.72999989      2.06266392     -2.06266392
      1.73999989      2.09620938     -2.09620938
      1.74999989      2.12998549     -2.12998549
      1.75999989      2.16399114     -2.16399114
      1.76999989      2.19822526     -2.19822526
      1.77999989      2.23268681     -2.23268681
      1.78999989      2.26737483     -2.26737483
      1.79999989      2.30228837     -2.30228837
      1.80999989      2.33742656     -2.33742656
      1.81999989      2.37278853     -2.37278853
      1.82999989      2.40837348     -2.40837348
      1.83999989      2.44418063     -2.44418063
      1.84999989      2.48020922     -2.48020922
      1.85999989      2.51645855     -2.51645855
      1.86999989      2.55292794     -2.55292794
      1.87999989      2.58961672     -2.58961672
      1.88999989      2.62652427     -2.62652427
      1.89999989      2.66365000     -2.66365000
      1.90999989      2.70099331     -2.70099331
      1.91999989      2.73855366     -2.73855366
      1.92999989      2.77633052     -2.77633052
      1.93999989      2.81432338     -2.81432338
      1.94999989      2.85253174     -2.85253174
      1.95999989      2.89095513     -2.89095513
      1.96999989      2.92959311     -2.92959311
      1.97999989      2.96844523     -2.96844523
      1.98999989      3.00751107     -3.00751107
      1.99999989      3.04679025     -3.04679025
      2.00999989      3.08628235     -3.08628235
      2.01999989      3.12598702     -3.12598702
      2.02999989      3.16590389     -3.16590389
      2.03999989      3.20603262     -3.20603262
      2.04999989      3.24637286     -3.24637286
      2.05999989      3.28692431     -3.28692431
      2.06999989      3.32768665     -3.32768665
      2.07999989      3.36865957     -3.36865957
      2.08999989      3.40984280     -3.40984280
      2.09999989      3.45123604     -3.45123604
      2.10999989      3.49283904     -3.49283904
      2.11999989      3.53465153     -3.53465153
      2.12999989      3.57667326     -3.57667326
      2.13999989      3.61890399     -3.61890399
      2.14999988      3.66134349     -3.66134349
      2.15999988      3.70399152     -3.70399152
      2.16999988      3.74684787     -3.74684787
      2.17999988      3.78991233     -3.78991233
      2.18999988      3.83318469     -3.83318469
      2.19999988      3.87666475     -3.87666475
      2.20999988      3.92035232     -3.92035232
      2.21999988      3.96424721     -3.96424721
      2.22999988      4.00834925     -4.00834925
      2.23999988      4.05265827     -4.05265827
      2.24999988      4.09717408     -4.09717408
      2.25999988      4.14189653     -4.14189653
      2.26999988      4.18682546     -4.18682546
      2.27999988      4.23196072     -4.23196072
      2.28999988      4.27730215     -4.27730215
      2.29999988      4.32284962     -4.32284962
      2.30999988      4.36860297     -4.36860297
      2.31999988      4.41456209     -4.41456209
      2.32999988      4.46072682     -4.46072682
      2.33999988      4.50709705     -4.50709705
      2.34999988      4.55367265     -4.55367265
      2.35999988      4.60045351     -4.60045351
      2.36999988      4.64743949     -4.64743949
      2.37999988      4.69463050     -4.69463050
      2.38999988      4.74202641     -4.74202641
      2.39999988      4.78962712     -4.78962712
      2.40999988      4.83743253     -4.83743253
      2.41999988      4.88544253     -4.88544253
      2.42999988      4.93365703     -4.93365703
      2.43999988      4.98207593     -4.98207593
      2.44999988      5.03069913     -5.03069913
      2.45999988      5.07952655     -5.07952655
      2.46999988      5.12855809     -5.12855809
      2.47999988      5.17779368     -5.17779368
      2.48999988      5.22723322     -5.22723322
      2.49999988      5.27687664     -5.27687664
      2.50999988      5.32672385     -5.32672385
      2.51999988      5.37677478     -5.37677478
      2.52999988      5.42702935     -5.42702935
      2.53999988      5.47748749     -5.47748749
      2.54999988      5.52814913     -5.52814913
      2.55999988      5.57901419     -5.57901419
      2.56999988      5.63008262     -5.63008262
      2.57999988      5.68135434     -5.68135434
      2.58999988      5.73282929     -5.73282929
      2.59999987      5.78450741     -5.78450741
      2.60999987      5.83638863     -5.83638863
      2.61999987      5.88847290     -5.88847290
      2.62999987      5.94076016     -5.94076016
      2.63999987      5.99325034     -5.99325034
      2.64999987      6.04594341     -6.04594341
      2.65999987      6.09883929     -6.09883929
      2.66999987      6.15193794     -6.15193794
      2.67999987      6.20523930     -6.20523930
      2.68999987      6.25874334     -6.25874334
      2.69999987      6.31244999     -6.31244999
      2.70999987      6.36635920     -6.36635920
      2.71999987      6.42047094     -6.42047094
      2.72999987      6.47478516     -6.47478516
      2.73999987      6.52930181     -6.52930181
      2.74999987      6.58402084     -6.58402084
      2.75999987      6.63894222     -6.63894222
      2.76999987      6.69406591     -6.69406591
      2.77999987      6.74939185     -6.74939185
      2.78999987      6.80492002     -6.80492002
      2.79999987      6.86065037     -6.86065037
      2.80999987      6.91658287     -6.91658287
      2.81999987      6.97271748     -6.97271748
      2.82999987      7.02905416     -7.02905416
      2.83999987      7.08559287     -7.08559287
      2.84999987      7.14233359     -7.14233359
      2.85999987      7.19927627     -7.19927627
      2.86999987      7.25642089     -7.25642089
      2.87999987      7.31376741     -7.31376741
      2.88999987      7.37131581     -7.37131581
      2.89999987      7.42906603     -7.42906603
      2.90999987      7.48701807     -7.48701807
      2.91999987      7.54517189     -7.54517189
      2.92999987      7.60352745     -7.60352745
      2.93999987      7.66208474     -7.66208474
      2.94999987      7.72084371     -7.72084371
      2.95999987      7.77980435     -7.77980435
      2.96999987      7.83896663     -7.83896663
      2.97999987      7.89833053     -7.89833053
      2.98999987      7.95789600     -7.95789600
      2.99999987      8.01766304     -8.01766304
